1 0.10216346153846154 0.6634615384615384 0.030048076923076924 0.07692307692307693
0 0.2980769230769231 0.7055288461538461 0.09615384615384616 0.18509615384615385
1 0.9711538461538461 0.8485576923076923 0.056490384615384616 0.17307692307692307
0 0.6622596153846154 0.31490384615384615 0.04326923076923077 0.07091346153846154
0 0.6778846153846154 0.37259615384615385 0.04326923076923077 0.07692307692307693
1 0.9266826923076923 0.4014423076923077 0.026442307692307692 0.06490384615384616
0 0.875 0.4230769230769231 0.056490384615384616 0.10697115384615384
1 0.6935096153846154 0.46153846153846156 0.03365384615384615 0.07692307692307693
0 0.8329326923076923 0.5060096153846154 0.06009615384615385 0.11899038461538461
1 0.5504807692307693 0.5264423076923077 0.026442307692307692 0.06490384615384616
1 0.35216346153846156 0.5685096153846154 0.030048076923076924 0.054086538461538464