1 0.8978365384615384 0.6634615384615384 0.030048076923076924 0.07692307692307693
0 0.7019230769230769 0.7055288461538461 0.09615384615384616 0.18509615384615385
1 0.028846153846153848 0.8485576923076923 0.056490384615384616 0.17307692307692307
0 0.33774038461538464 0.31490384615384615 0.04326923076923077 0.07091346153846154
0 0.32211538461538464 0.37259615384615385 0.04326923076923077 0.07692307692307693
1 0.0733173076923077 0.4014423076923077 0.026442307692307692 0.06490384615384616
0 0.125 0.4230769230769231 0.056490384615384616 0.10697115384615384
1 0.30649038461538464 0.46153846153846156 0.03365384615384615 0.07692307692307693
0 0.16706730769230768 0.5060096153846154 0.06009615384615385 0.11899038461538461
1 0.4495192307692308 0.5264423076923077 0.026442307692307692 0.06490384615384616
1 0.6478365384615384 0.5685096153846154 0.030048076923076924 0.054086538461538464